USPS	GEOID	ALAND	AWATER	ALAND_SQMI	AWATER_SQMI	INTPTLAT	INTPTLONG                                                                                                                             
AL	0101	14843892635	2267730962	5731.259	875.576	30.981856	-87.817403                                                                                                                                    
AL	0102	26956428247	301264823	10407.936	116.319	31.702085	-86.076842                                                                                                                                    
AL	0103	21381385572	520786717	8255.399	201.077	33.157607	-85.76216                                                                                                                                      
AL	0104	22807503967	647845415	8806.027	250.135	34.173841	-87.227881                                                                                                                                     
AL	0105	8706583127	363473596	3361.631	140.338	34.738978	-86.591033                                                                                                                                      
AL	0106	8332788156	110027806	3217.308	42.482	33.363555	-86.779225                                                                                                                                       
AL	0107	28156467642	371197064	10871.273	143.32	32.466449	-87.607935                                                                                                                                     
AK	0200	1479016910296	245347100126	571051.646	94729.049	63.347356	-152.839733                                                                                                                           
AZ	0401	4137523548	43192669	1597.507	16.677	33.698866	-111.661478                                                                                                                                       
AZ	0402	151135508821	354905668	58353.749	137.03	35.117216	-111.054772                                                                                                                                   
AZ	0403	533217246	1552135	205.876	0.599	33.424088	-112.121724                                                                                                                                           
AZ	0404	463210221	2371866	178.846	0.916	33.384729	-111.859735                                                                                                                                           
AZ	0405	1049666573	1235284	405.279	0.477	33.305743	-111.655086                                                                                                                                          
AZ	0406	35461794825	50292175	13691.876	19.418	32.373827	-109.977644                                                                                                                                     
AZ	0407	39931541864	13462632	15417.655	5.198	32.261361	-112.321364                                                                                                                                      
AZ	0408	1489980379	9074817	575.285	3.504	33.788464	-112.201324                                                                                                                                          
AZ	0409	60163663257	377916686	23229.321	145.914	34.602342	-113.66332                                                                                                                                    
AR	0501	51410924996	1427062352	19849.87	550.992	35.351172	-91.33508                                                                                                                                     
AR	0502	13730889902	362037601	5301.526	139.784	35.167888	-92.375838                                                                                                                                     
AR	0503	10786516319	207902340	4164.697	80.272	36.000717	-94.029813                                                                                                                                      
AR	0504	58732135341	1125248891	22676.605	434.461	34.208983	-93.142469                                                                                                                                   
CA	0601	68358541152	1696270853	26393.381	654.934	40.759058	-121.708586                                                                                                                                  
CA	0602	33769655939	4120895872	13038.538	1591.087	40.071536	-123.464436                                                                                                                                 
CA	0603	56116627798	988904349	21666.752	381.818	37.82646	-118.859763                                                                                                                                    
CA	0604	9790225813	380745191	3780.027	147.007	38.735643	-122.331229                                                                                                                                     
CA	0605	25401890236	414579110	9807.725	160.07	37.7133	-119.850428                                                                                                                                       
CA	0606	651427538	7098663	251.518	2.741	38.631719	-121.370921                                                                                                                                           
CA	0607	1762367950	68768947	680.454	26.552	38.3616	-121.382107                                                                                                                                          
CA	0608	1246243225	346854664	481.177	133.921	38.113205	-122.119708                                                                                                                                      
CA	0609	3488337940	94520307	1346.855	36.494	37.977874	-121.206741                                                                                                                                       
CA	0610	1391885168	61046055	537.41	23.57	37.891077	-121.893056                                                                                                                                          
CA	0611	107155716	479611345	41.373	185.179	37.727239	-123.032229                                                                                                                                        
CA	0612	239977623	126063298	92.656	48.673	37.780127	-122.240801                                                                                                                                         
CA	0613	16297771976	146700045	6292.605	56.641	36.917654	-120.576823                                                                                                                                     
CA	0614	1503389036	74912270	580.462	28.924	37.632533	-121.839457                                                                                                                                        
CA	0615	301068906	290949992	116.243	112.336	37.589067	-122.316684                                                                                                                                       
CA	0616	1370281644	477793557	529.069	184.477	37.335174	-122.287674                                                                                                                                      
CA	0617	464449301	21713076	179.325	8.383	37.426051	-121.964951                                                                                                                                          
CA	0618	11843791765	90538002	4572.914	34.957	36.478692	-121.192912                                                                                                                                      
CA	0619	7294858882	1988281776	2816.561	767.68	36.867713	-121.752502                                                                                                                                     
CA	0620	25052465369	128850958	9672.811	49.75	35.756458	-118.67173                                                                                                                                       
CA	0621	2308460354	5731272	891.302	2.213	36.553876	-119.473299                                                                                                                                          
CA	0622	11170799039	19732996	4313.07	7.619	35.773573	-119.529737                                                                                                                                        
CA	0623	46533428402	48562603	17966.658	18.75	34.942504	-116.43631                                                                                                                                       
CA	0624	12655033578	3811623101	4886.136	1471.676	34.724843	-120.057905                                                                                                                                  
CA	0625	30965567067	1025871478	11955.873	396.091	33.613311	-115.34455                                                                                                                                   
CA	0626	4441522784	311330872	1714.882	120.206	34.45496	-119.06995                                                                                                                                       
CA	0627	3926699527	32043708	1516.107	12.372	34.606629	-118.358284                                                                                                                                       
CA	0628	2040519541	4744578	787.849	1.832	34.280333	-117.866141                                                                                                                                          
CA	0629	334032784	920614	128.971	0.355	34.287754	-118.389695                                                                                                                                            
CA	0630	464384393	2017006	179.3	0.779	34.22809	-118.273626                                                                                                                                              
CA	0631	537871338	8525918	207.673	3.292	34.145768	-117.891631                                                                                                                                           
CA	0632	767245391	239274416	296.235	92.384	34.0935	-118.657518                                                                                                                                          
CA	0633	490000938	2760140	189.19	1.066	34.115584	-117.339115                                                                                                                                            
CA	0634	128664516	962989	49.678	0.372	34.071305	-118.216637                                                                                                                                             
CA	0635	459007647	514721	177.224	0.199	34.037647	-117.619723                                                                                                                                            
CA	0636	251515348	252540525	97.111	97.506	33.869819	-118.405296                                                                                                                                         
CA	0637	136664154	173654	52.766	0.067	34.009687	-118.325203                                                                                                                                             
CA	0638	386756742	3545479	149.328	1.369	33.968825	-117.971097                                                                                                                                           
CA	0639	735864388	4211109	284.119	1.626	33.906185	-117.316456                                                                                                                                           
CA	0640	1013144486	5369217	391.177	2.073	33.75137	-117.666104                                                                                                                                           
CA	0641	3437348241	47980616	1327.168	18.525	33.630418	-116.58229                                                                                                                                        
CA	0642	549841260	1171994926	212.295	452.51	33.367336	-118.480709                                                                                                                                       
CA	0643	186938591	617273	72.177	0.238	33.910609	-118.310473                                                                                                                                             
CA	0644	236044846	66196569	91.137	25.559	33.806936	-118.241001                                                                                                                                          
CA	0645	268375050	896726	103.62	0.346	33.881665	-118.035199                                                                                                                                             
CA	0646	193675513	528875	74.779	0.204	33.794785	-117.908297                                                                                                                                             
CA	0647	448294172	286927375	173.087	110.783	33.634239	-117.89192                                                                                                                                        
CA	0648	9362006913	51036279	3614.691	19.705	33.08375	-116.63769                                                                                                                                         
CA	0649	1284475535	454025804	495.939	175.3	33.316415	-117.425868                                                                                                                                        
CA	0650	664411680	402346283	256.531	155.347	32.716149	-117.224302                                                                                                                                       
CA	0651	491909238	2916068	189.927	1.126	32.834756	-117.083194                                                                                                                                           
CA	0652	350379968	20748714	135.282	8.011	32.628679	-117.035322                                                                                                                                          
CO	0801	398601209	4281287	153.901	1.653	39.76185	-104.881105                                                                                                                                            
CO	0802	29642531107	245338838	11445.046	94.726	40.29582	-106.206861                                                                                                                                     
CO	0803	129370970011	353187539	49950.413	136.366	38.45821	-106.883566                                                                                                                                   
CO	0804	83237158236	408672714	32138.048	157.789	39.318349	-103.248726                                                                                                                                   
CO	0805	3811938395	6614048	1471.798	2.554	38.807274	-104.661743                                                                                                                                         
CO	0806	794191190	11213340	306.639	4.329	39.680581	-104.784114                                                                                                                                          
CO	0807	18547432493	100873105	7161.204	38.947	38.886809	-105.635833                                                                                                                                     
CO	0808	2615934169	55577194	1010.018	21.458	40.177746	-104.809462                                                                                                                                       
CT	0901	1700158156	51102192	656.435	19.731	41.928611	-73.017629                                                                                                                                         
CT	0902	5234724499	298625752	2021.139	115.3	41.653687	-72.206509                                                                                                                                        
CT	0903	1227265362	70522878	473.85	27.229	41.372075	-72.892659                                                                                                                                          
CT	0904	1152150823	211864573	444.848	81.801	41.190282	-73.393356                                                                                                                                        
CT	0905	3227451434	88588297	1246.126	34.204	41.694323	-73.209998                                                                                                                                        
CT	09ZZ	0	1095660734	0.	423.037	41.166607	-72.842465                                                                                                                                                    
DE	1000	5046703781	1399207462	1948.543	540.237	38.998566	-75.441644                                                                                                                                     
DC	1198	158316184	18709787	61.126	7.224	38.904247	-77.016517                                                                                                                                            
FL	1201	8281925961	3155649161	3197.67	1218.403	30.615404	-86.817013                                                                                                                                     
FL	1202	25521202166	7730484353	9853.792	2984.757	30.245747	-84.777635                                                                                                                                   
FL	1203	18963495085	2457663949	7321.847	948.909	29.778479	-82.728298                                                                                                                                    
FL	1204	4615349178	514215094	1781.996	198.54	30.330709	-81.777257                                                                                                                                       
FL	1205	1533318754	613852730	592.018	237.01	30.101613	-81.459671                                                                                                                                        
FL	1206	8832183944	1342021926	3410.125	518.158	29.272623	-81.640698                                                                                                                                     
FL	1207	2161309779	567024988	834.486	218.93	28.873696	-81.094956                                                                                                                                        
FL	1208	4247573909	1706464541	1639.998	658.87	28.149056	-80.681788                                                                                                                                      
FL	1209	4274629387	506787142	1650.444	195.672	28.119037	-81.173363                                                                                                                                      
FL	1210	665068121	40813319	256.784	15.758	28.541394	-81.293515                                                                                                                                          
FL	1211	4144124666	611494768	1600.056	236.099	28.583489	-81.854863                                                                                                                                      
FL	1212	4275147497	2298562777	1650.644	887.48	28.579392	-82.568436                                                                                                                                      
FL	1213	589730932	1302503771	227.696	502.9	27.931244	-82.836575                                                                                                                                         
FL	1214	696914999	659863139	269.08	254.775	27.863224	-82.541731                                                                                                                                         
FL	1215	1694572760	53327658	654.278	20.59	28.102183	-82.216787                                                                                                                                          
FL	1216	2990077394	894634632	1154.475	345.42	27.578313	-82.383219                                                                                                                                       
FL	1217	3764886329	1800248645	1453.631	695.08	26.997614	-82.164644                                                                                                                                      
FL	1218	16704101567	1646821886	6449.49	635.842	27.268836	-81.379767                                                                                                                                     
FL	1219	1759272499	3153346779	679.259	1217.514	26.448218	-82.021732                                                                                                                                     
FL	1220	5572781586	636069740	2151.663	245.588	26.446199	-80.587196                                                                                                                                      
FL	1221	3901264593	989601368	1506.287	382.087	27.138361	-80.3795                                                                                                                                        
FL	1222	649360299	245066482	250.719	94.621	26.574021	-80.123587                                                                                                                                         
FL	1223	427449318	231119213	165.039	89.236	26.281242	-80.133437                                                                                                                                         
FL	1224	257972216	215547019	99.604	83.223	25.881371	-80.16107                                                                                                                                           
FL	1225	514818753	98098661	198.773	37.876	26.048277	-80.275645                                                                                                                                          
FL	1226	5958306155	361310374	2300.515	139.503	26.022815	-81.081248                                                                                                                                      
FL	1227	308813767	418178101	119.234	161.459	25.691263	-80.250152                                                                                                                                        
FL	1228	5658112165	11719756432	2184.609	4525.023	25.215749	-81.158374                                                                                                                                   
GA	1301	19062568725	2060623512	7360.099	795.611	31.425845	-81.805827                                                                                                                                    
GA	1302	25778572557	431539117	9953.163	166.618	31.764248	-84.398008                                                                                                                                     
GA	1303	10790514503	215144049	4166.241	83.068	33.205633	-84.775927                                                                                                                                      
GA	1304	1065950320	15794938	411.566	6.098	33.710073	-84.100232                                                                                                                                          
GA	1305	643424522	5069932	248.428	1.958	33.746168	-84.402253                                                                                                                                            
GA	1306	2014382287	85618138	777.757	33.057	34.246205	-84.233537                                                                                                                                         
GA	1307	825298718	10494668	318.65	4.052	33.921608	-84.058316                                                                                                                                            
GA	1308	28303488018	394802503	10928.038	152.434	31.732182	-83.296165                                                                                                                                    
GA	1309	10095260893	279032365	3897.802	107.735	34.606953	-83.764564                                                                                                                                     
GA	1310	12990106975	285908001	5015.509	110.39	33.684197	-83.374776                                                                                                                                      
GA	1311	2958174999	67280127	1142.158	25.977	34.247381	-84.649096                                                                                                                                        
GA	1312	24949160110	496545925	9632.925	191.717	32.782641	-82.287107                                                                                                                                     
GA	1313	1528995667	22547546	590.349	8.706	33.607558	-84.503803                                                                                                                                          
GA	1314	8479413053	49272400	3273.92	19.024	34.491507	-85.098421                                                                                                                                         
HI	1501	526027392	375881467	203.1	145.129	21.326768	-157.878265                                                                                                                                         
HI	1502	16108396524	11401493885	6219.487	4402.142	19.828167	-155.495042                                                                                                                                 
ID	1601	102045253043	1308810895	39399.894	505.335	45.310578	-116.034974                                                                                                                                 
ID	1602	112004633806	1082803436	43245.233	418.073	43.443926	-113.364262                                                                                                                                 
IL	1701	1583910250	24872841	611.551	9.603	41.417597	-87.952046                                                                                                                                          
IL	1702	10144442887	38972486	3916.791	15.047	40.771483	-87.942652                                                                                                                                       
IL	1703	398461705	7711899	153.847	2.978	41.93579	-87.974433                                                                                                                                             
IL	1704	248008052	3103857	95.756	1.198	41.829374	-87.809897                                                                                                                                             
IL	1705	401721509	7890245	155.106	3.046	42.081954	-87.984755                                                                                                                                            
IL	1706	583291224	11829557	225.21	4.567	41.736949	-87.892885                                                                                                                                            
IL	1707	177223764	2189439	68.426	0.845	41.878463	-87.840651                                                                                                                                             
IL	1708	739554778	14972648	285.544	5.781	42.02767	-88.197178                                                                                                                                            
IL	1709	434419249	11571697	167.73	4.468	42.243399	-88.089979                                                                                                                                            
IL	1710	1321057241	67362773	510.063	26.009	42.352236	-88.051859                                                                                                                                         
IL	1711	2379446089	24370093	918.709	9.409	42.000716	-88.395646                                                                                                                                          
IL	1712	36301103338	667432668	14015.935	257.697	38.295241	-88.769254                                                                                                                                    
IL	1713	5864493702	93125538	2264.294	35.956	39.12803	-90.009854                                                                                                                                         
IL	1714	5115048968	59866565	1974.932	23.115	41.569043	-88.739903                                                                                                                                        
IL	1715	43389747290	609009138	16752.876	235.14	39.826543	-89.77216                                                                                                                                      
IL	1716	23088243827	280053498	8914.421	108.129	41.394222	-89.449488                                                                                                                                     
IL	1717	11608192941	221591169	4481.949	85.557	41.071208	-90.258684                                                                                                                                      
IL	17ZZ	0	4070762478	0.	1571.73	42.175312	-87.422441                                                                                                                                                    
IN	1801	2855117479	630793662	1102.367	243.551	41.51347	-87.162864                                                                                                                                       
IN	1802	11265257710	124855845	4349.541	48.207	41.208112	-86.241834                                                                                                                                      
IN	1803	11371183060	142828152	4390.439	55.146	41.042727	-85.21144                                                                                                                                       
IN	1804	15790119390	76560620	6096.599	29.56	40.315806	-86.853192                                                                                                                                        
IN	1805	5684423530	37694881	2194.768	14.554	40.281399	-85.792618                                                                                                                                        
IN	1806	8501172268	41242636	3282.321	15.924	39.68995	-85.514755                                                                                                                                         
IN	1807	714846821	17715732	276.004	6.84	39.824255	-86.138144                                                                                                                                            
IN	1808	20968736511	313046600	8096.075	120.868	38.744748	-87.140493                                                                                                                                     
IN	1809	15635756783	159260228	6037.	61.491	38.890657	-85.766394                                                                                                                                         
IA	1901	28087273957	396053064	10844.558	152.917	41.464298	-91.732583                                                                                                                                    
IA	1902	33417734526	214922072	12902.66	82.982	42.684121	-92.178881                                                                                                                                      
IA	1903	27642934442	196123124	10672.997	75.724	41.139401	-93.971401                                                                                                                                     
IA	1904	55511340946	279304073	21433.049	107.84	42.465182	-94.944248                                                                                                                                     
KS	2001	128552975714	535443406	49634.584	206.736	38.775898	-99.543236                                                                                                                                   
KS	2002	39622870657	536360351	15298.477	207.09	38.406699	-95.729429                                                                                                                                     
KS	2003	5857439954	83423870	2261.57	32.21	38.553473	-95.063949                                                                                                                                          
KS	2004	37720491306	190480081	14563.964	73.545	37.558626	-97.76509                                                                                                                                      
KY	2101	29783298144	1185336642	11499.396	457.661	36.965403	-88.342594                                                                                                                                   
KY	2102	18886121236	398708629	7291.972	153.942	37.468306	-86.34923                                                                                                                                      
KY	2103	797065831	39732337	307.749	15.341	38.190392	-85.700581                                                                                                                                          
KY	2104	12547193433	319370649	4844.499	123.31	38.525319	-84.454187                                                                                                                                      
KY	2105	30429613145	340711385	11748.94	131.549	37.381357	-83.528368                                                                                                                                     
KY	2106	9823306523	100363902	3792.8	38.751	38.00571	-84.24821                                                                                                                                           
LA	2201	9520506150	13766621090	3675.888	5315.322	29.674582	-89.807586                                                                                                                                   
LA	2202	3291814450	517165493	1270.977	199.679	30.043558	-90.609793                                                                                                                                      
LA	2203	17341998530	4938739691	6695.783	1906.858	29.97015	-92.49274                                                                                                                                     
LA	2204	34213506286	1182084885	13209.909	456.406	31.741068	-93.116072                                                                                                                                   
LA	2205	38234282331	1125062099	14762.34	434.389	31.731021	-91.765686                                                                                                                                    
LA	2206	9328345157	2191514062	3601.694	846.148	29.519573	-91.319634                                                                                                                                     
ME	2301	8539936594	4714433965	3297.288	1820.253	43.845924	-69.92217                                                                                                                                     
ME	2302	71348347537	7030744030	27547.752	2714.586	45.510001	-69.08531                                                                                                                                   
MD	2401	10014350992	4255874232	3866.563	1643.202	38.74822	-75.933339                                                                                                                                    
MD	2402	2100960746	106734120	811.186	41.21	39.512348	-76.848319                                                                                                                                         
MD	2403	1296561181	288741049	500.605	111.484	39.17789	-76.730199                                                                                                                                        
MD	2404	562587173	18439254	217.216	7.119	38.924102	-76.912292                                                                                                                                           
MD	2405	3928524108	2063216066	1516.812	796.612	38.48656	-76.720862                                                                                                                                      
MD	2406	6203281790	96431662	2395.101	37.232	39.564116	-78.895085                                                                                                                                        
MD	2407	337275331	132139459	130.223	51.019	39.270579	-76.563524                                                                                                                                         
MD	2408	708194777	17755116	273.436	6.855	39.097739	-77.124072                                                                                                                                           
MA	2501	5784383224	154202385	2233.363	59.538	42.18587	-73.073273                                                                                                                                        
MA	2502	4620057435	206841223	1783.814	79.862	42.428959	-72.202712                                                                                                                                       
MA	2503	1943403138	74385716	750.352	28.72	42.584301	-71.589524                                                                                                                                          
MA	2504	1740989981	97348911	672.2	37.587	41.973829	-71.234044                                                                                                                                           
MA	2505	567990767	52756067	219.302	20.369	42.386784	-71.258578                                                                                                                                          
MA	2506	1379618367	864941707	532.674	333.956	42.619241	-70.885134                                                                                                                                       
MA	2507	157191559	16218272	60.692	6.262	42.305487	-71.079416                                                                                                                                            
MA	2508	759879014	433779175	293.391	167.483	42.20401	-70.973762                                                                                                                                         
MA	2509	3250831569	5230232099	1255.153	2019.404	41.703758	-70.49029                                                                                                                                     
MI	2601	69722587179	78347962124	26920.043	30250.319	46.065206	-86.230683                                                                                                                                
MI	2602	25135223962	8709681237	9704.765	3362.827	43.65128	-85.720137                                                                                                                                    
MI	2603	2084530765	2799165423	804.842	1080.764	43.189042	-86.311504                                                                                                                                     
MI	2604	6180138582	3931986028	2386.165	1518.148	42.467662	-86.151104                                                                                                                                    
MI	2605	13553822171	3225034656	5233.16	1245.193	41.992603	-85.147735                                                                                                                                    
MI	2606	2533288781	101175325	978.108	39.064	42.248308	-83.71103                                                                                                                                         
MI	2607	7163923169	125308922	2766.006	48.382	42.735922	-84.344345                                                                                                                                       
MI	2608	5776284994	579201770	2230.236	223.631	43.392959	-83.978273                                                                                                                                      
MI	2609	12012866206	5856386958	4638.194	2261.164	43.425794	-82.938939                                                                                                                                   
MI	2610	588614949	37200561	227.266	14.363	42.584254	-82.995144                                                                                                                                          
MI	2611	816222234	54266890	315.145	20.953	42.582119	-83.334909                                                                                                                                          
MI	2612	494817642	1322311	191.05	0.511	42.387868	-83.286381                                                                                                                                             
MI	2613	557626922	97494322	215.301	37.643	42.324202	-83.114573                                                                                                                                          
MN	2701	31696645131	561048534	12238.144	216.622	43.904858	-93.531125                                                                                                                                    
MN	2702	4474824856	212946891	1727.74	82.219	44.550994	-93.373984                                                                                                                                        
MN	2703	1212367370	126627769	468.098	48.891	45.022882	-93.510204                                                                                                                                        
MN	2704	785198126	79844457	303.167	30.828	45.001604	-92.990023                                                                                                                                          
MN	2705	338801599	16523526	130.812	6.38	44.983655	-93.292272                                                                                                                                            
MN	2706	6434667301	338647762	2484.439	130.753	45.292069	-93.838807                                                                                                                                      
MN	2707	80391792736	2552735657	31039.446	985.617	46.207557	-95.666974                                                                                                                                   
MN	2708	80910258184	15049097351	31239.627	5810.489	47.400782	-93.233248                                                                                                                                 
MS	2801	25749368796	395659171	9941.887	152.765	34.263251	-89.005753                                                                                                                                     
MS	2802	46609285564	1057089945	17995.947	408.145	32.938781	-90.434402                                                                                                                                   
MS	2803	30361022275	260475258	11722.457	100.57	32.188161	-89.41652                                                                                                                                      
MS	2804	18813864242	2201514239	7264.074	850.009	30.930199	-89.039543                                                                                                                                    
MO	2901	642192498	27393419	247.952	10.577	38.726931	-90.305898                                                                                                                                          
MO	2902	4638221926	79256252	1790.828	30.601	38.533656	-90.956545                                                                                                                                        
MO	2903	19644579302	293014979	7584.815	113.134	38.4751	-91.724755                                                                                                                                       
MO	2904	37179611026	801328611	14355.129	309.395	38.227739	-93.484824                                                                                                                                    
MO	2905	1093783222	23559914	422.312	9.097	39.02813	-94.460224                                                                                                                                           
MO	2906	52459058357	592985829	20254.557	228.953	39.872958	-93.183524                                                                                                                                    
MO	2907	14958485977	231583823	5775.504	89.415	36.918092	-93.710547                                                                                                                                      
MO	2908	47436328014	438396314	18315.269	169.266	37.128772	-90.920067                                                                                                                                    
MT	3001	104033618840	1580513100	40167.607	610.24	46.922266	-113.485858                                                                                                                                  
MT	3002	272939567101	2286664470	105382.56	882.886	47.071054	-108.146485                                                                                                                                 
NE	3101	15494068832	184063977	5982.294	71.068	41.377609	-96.979849                                                                                                                                      
NE	3102	3156846259	78039401	1218.865	30.131	41.228589	-96.45069                                                                                                                                         
NE	3103	180298687637	1117206223	69613.715	431.356	41.540937	-100.152123                                                                                                                                 
NV	3201	2589025409	49891535	999.628	19.263	35.864397	-114.949495                                                                                                                                        
NV	3202	168518851392	1172616954	65065.495	452.75	40.528166	-116.989422                                                                                                                                  
NV	3203	5192496165	51604863	2004.834	19.925	35.987303	-115.565877                                                                                                                                       
NV	3204	108236672746	565767481	41790.415	218.444	37.802141	-116.212169                                                                                                                                  
NH	3301	5551894494	477695609	2143.599	184.439	43.407214	-71.186953                                                                                                                                      
NH	3302	17638231871	416739062	6810.16	160.904	43.767549	-71.697081                                                                                                                                      
NH	33ZZ	0	131522062	0.	50.781	42.904329	-70.75435                                                                                                                                                       
NJ	3401	953224535	31885474	368.042	12.311	39.7851	-75.0027                                                                                                                                              
NJ	3402	5165218103	2518558432	1994.302	972.421	39.422695	-74.855363                                                                                                                                     
NJ	3403	2799185180	61519820	1080.771	23.753	39.97511	-74.611441                                                                                                                                         
NJ	3404	1686732444	132574384	651.251	51.187	40.068792	-74.244556                                                                                                                                        
NJ	3405	1682047280	73577502	649.442	28.408	41.114104	-74.447415                                                                                                                                         
NJ	3406	496694656	503210952	191.775	194.291	40.484591	-74.362435                                                                                                                                        
NJ	3407	3490312710	78901685	1347.617	30.464	40.735666	-74.833121                                                                                                                                        
NJ	3408	131125809	41886791	50.628	16.173	40.727686	-74.121396                                                                                                                                           
NJ	3409	286808931	18152754	110.738	7.009	40.895582	-74.141771                                                                                                                                           
NJ	3410	200826943	6425705	77.54	2.481	40.726369	-74.22465                                                                                                                                               
NJ	3411	1021713547	46809386	394.486	18.073	40.876625	-74.419                                                                                                                                            
NJ	3412	1135293260	19313344	438.339	7.457	40.390802	-74.585178                                                                                                                                          
NM	3501	45505735623	51375329	17569.863	19.836	34.286789	-105.238316                                                                                                                                     
NM	3502	133193790476	329913559	51426.412	127.38	33.212951	-107.003303                                                                                                                                   
NM	3503	135499061098	345175031	52316.482	133.273	35.639243	-105.523639                                                                                                                                  
NY	3601	1639605811	3106294698	633.055	1199.347	40.998158	-72.569502                                                                                                                                     
NY	3602	741156626	742012202	286.162	286.493	40.720119	-73.105456                                                                                                                                        
NY	3603	454966915	190674817	175.664	73.62	40.832925	-73.596541                                                                                                                                          
NY	3604	295392151	194018472	114.052	74.911	40.627348	-73.607807                                                                                                                                         
NY	3605	121993323	169482950	47.102	65.438	40.669704	-73.804108                                                                                                                                          
NY	3606	66401224	796953	25.638	0.308	40.736388	-73.831481                                                                                                                                               
NY	3607	56749173	1201683	21.911	0.464	40.712392	-73.91991                                                                                                                                               
NY	3608	68647620	47278107	26.505	18.254	40.61125	-73.917085                                                                                                                                             
NY	3609	39271921	0	15.163	0.	40.638602	-73.950842                                                                                                                                                       
NY	3610	40362377	20326251	15.584	7.848	40.681186	-74.003787                                                                                                                                             
NY	3611	166353200	130066034	64.229	50.219	40.566974	-74.126314                                                                                                                                          
NY	3612	24784552	10382847	9.569	4.009	40.764805	-73.975182                                                                                                                                              
NY	3613	28514225	9212220	11.009	3.557	40.80306	-73.947119                                                                                                                                               
NY	3614	76796453	45194131	29.651	17.45	40.809782	-73.837004                                                                                                                                             
NY	3615	48495390	3175634	18.724	1.226	40.85522	-73.882037                                                                                                                                               
NY	3616	320540405	86299702	123.761	33.321	40.978485	-73.7774                                                                                                                                            
NY	3617	2136211632	207114231	824.796	79.967	41.308698	-73.803466                                                                                                                                        
NY	3618	5134425343	176151350	1982.413	68.012	41.631126	-74.078575                                                                                                                                       
NY	3619	20326728995	366272478	7848.194	141.419	42.207031	-75.119463                                                                                                                                     
NY	3620	4041457776	129887407	1560.416	50.15	42.895628	-73.92203                                                                                                                                         
NY	3621	42475918016	1904571879	16400.044	735.359	43.836491	-74.471462                                                                                                                                   
NY	3622	6853463608	314221673	2646.137	121.322	43.089242	-75.72262                                                                                                                                       
NY	3623	16540810793	1695516126	6386.443	654.642	42.34025	-78.295441                                                                                                                                     
NY	3624	17011639948	6676647127	6568.231	2577.868	43.231005	-77.13939                                                                                                                                    
NY	3625	2188730343	2940305926	845.074	1135.259	43.356426	-77.906015                                                                                                                                     
NY	3626	1149660453	89728151	443.886	34.644	43.095013	-78.859392                                                                                                                                         
NC	3701	20344638258	1577349045	7855.109	609.018	36.054577	-77.268219                                                                                                                                    
NC	3702	1278042103	36201898	493.455	13.978	35.874684	-78.59604                                                                                                                                          
NC	3703	19869970159	9689785026	7671.839	3741.247	35.275259	-76.829963                                                                                                                                   
NC	3704	5297120401	111496011	2045.23	43.049	36.193163	-78.992268                                                                                                                                        
NC	3705	11737220620	77502433	4531.766	29.924	36.225649	-81.079416                                                                                                                                       
NC	3706	4460776194	56860170	1722.315	21.954	36.263661	-79.685442                                                                                                                                        
NC	3707	13335633973	1125642044	5148.917	434.613	34.441785	-78.482467                                                                                                                                    
NC	3708	9537427445	168209843	3682.421	64.946	35.309295	-80.232791                                                                                                                                       
NC	3709	9389112956	140203358	3625.157	54.133	35.382559	-79.412015                                                                                                                                       
NC	3710	7599792512	168789319	2934.296	65.17	35.610438	-81.343223                                                                                                                                        
NC	3711	15961175262	169956832	6162.644	65.621	35.374357	-82.944815                                                                                                                                      
NC	3712	1143362987	48732598	441.455	18.816	35.347627	-80.753542                                                                                                                                         
NC	3713	4742604716	49152436	1831.13	18.978	35.501395	-78.494274                                                                                                                                         
NC	3714	1239002475	33659838	478.382	12.996	35.212457	-81.010384                                                                                                                                         
ND	3800	178694342677	4414747947	68994.274	1704.544	47.442174	-100.460826                                                                                                                                
OH	3901	1557592664	25083751	601.39	9.685	39.339835	-84.254842                                                                                                                                           
OH	3902	19122855529	151608307	7383.376	58.536	39.103822	-83.059745                                                                                                                                      
OH	3903	564098058	8553034	217.799	3.302	40.03519	-82.92248                                                                                                                                              
OH	3904	12638891406	107094670	4879.903	41.349	40.540755	-83.372266                                                                                                                                      
OH	3905	14318008476	1199074313	5528.214	462.965	41.086487	-83.497285                                                                                                                                    
OH	3906	12377941449	163823898	4779.15	63.253	40.250668	-81.104037                                                                                                                                       
OH	3907	3420809717	21653218	1320.782	8.36	40.998541	-81.873254                                                                                                                                          
OH	3908	4643883648	30932386	1793.014	11.943	39.752032	-84.604495                                                                                                                                        
OH	3909	6704294742	2536086764	2588.543	979.189	41.527263	-83.532038                                                                                                                                     
OH	3910	2565322622	15876798	990.477	6.13	39.736614	-84.066956                                                                                                                                           
OH	3911	558379129	2030659355	215.591	784.042	41.545337	-81.630557                                                                                                                                       
OH	3912	14454205040	135958380	5580.8	52.494	40.010896	-82.102836                                                                                                                                        
OH	3913	1610454554	23792700	621.8	9.186	41.036438	-81.510967                                                                                                                                            
OH	3914	6300515943	3778133118	2432.643	1458.745	41.667643	-80.985186                                                                                                                                    
OH	3915	4986578359	46194104	1925.329	17.836	39.917032	-83.618594                                                                                                                                        
OK	4001	2793647525	64249777	1078.633	24.807	36.056374	-95.853266                                                                                                                                        
OK	4002	56022882018	2030222998	21630.557	783.874	35.184143	-95.46217                                                                                                                                    
OK	4003	84467528555	761114156	32613.096	293.868	36.141183	-98.914682                                                                                                                                    
OK	4004	25210122554	405086638	9733.683	156.405	34.569374	-97.751182                                                                                                                                     
OK	4005	9170303709	112721881	3540.674	43.522	35.483688	-97.030852                                                                                                                                       
OR	4101	8681584017	1358321209	3351.978	524.451	45.763606	-123.456076                                                                                                                                    
OR	4102	186890566373	1859535972	72158.854	717.971	43.769931	-119.742648                                                                                                                                 
OR	4103	3590238047	105828023	1386.199	40.86	45.456269	-121.956128                                                                                                                                       
OR	4104	30077681632	2713711195	11613.058	1047.77	43.629644	-123.516305                                                                                                                                  
OR	4105	14482242384	100999313	5591.625	38.996	44.618303	-122.248383                                                                                                                                     
OR	4106	4908107442	30564626	1895.031	11.801	45.064704	-123.262822                                                                                                                                       
PA	4201	1811665155	48268724	699.488	18.637	40.331089	-75.140112                                                                                                                                         
PA	4202	165932001	8800026	64.067	3.398	40.044915	-75.061647                                                                                                                                             
PA	4203	137406665	4513186	53.053	1.743	40.000332	-75.197003                                                                                                                                             
PA	4204	1880092146	19810857	725.908	7.649	40.313412	-75.579931                                                                                                                                          
PA	4205	593622156	26888901	229.199	10.382	39.930533	-75.374592                                                                                                                                          
PA	4206	2395746066	27825548	925.003	10.744	40.026923	-75.776637                                                                                                                                         
PA	4207	3024413071	43534937	1167.732	16.809	40.772727	-75.531437                                                                                                                                        
PA	4208	7172612108	183400668	2769.361	70.811	41.354339	-75.401446                                                                                                                                       
PA	4209	15729687889	207814102	6073.267	80.237	41.252913	-76.321324                                                                                                                                      
PA	4210	3249785646	102279124	1254.749	39.49	40.244133	-76.921993                                                                                                                                        
PA	4211	3888210643	113542368	1501.247	43.839	39.966893	-76.389575                                                                                                                                       
PA	4212	1102520366	20883135	425.686	8.063	40.358754	-79.818097                                                                                                                                          
PA	4213	16478845080	106240742	6362.518	41.02	40.238783	-77.964975                                                                                                                                       
PA	4214	12366495732	88415570	4774.731	34.137	40.131475	-79.578919                                                                                                                                       
PA	4215	33623674421	261525603	12982.174	100.976	41.351935	-78.31176                                                                                                                                     
PA	4216	9947896709	2092850773	3840.905	808.054	41.571184	-80.103227                                                                                                                                     
PA	4217	2313233715	41260951	893.145	15.931	40.602892	-80.186243                                                                                                                                         
RI	4401	693809099	628713502	267.881	242.748	41.630677	-71.328672                                                                                                                                        
RI	4402	1983954273	694973474	766.009	268.331	41.569601	-71.615514                                                                                                                                       
SC	4501	6706136320	2533687376	2589.254	978.262	33.152321	-79.695326                                                                                                                                     
SC	4502	8063867674	227366405	3113.477	87.787	33.627488	-81.348938                                                                                                                                       
SC	4503	14590576458	550115234	5633.453	212.401	34.356147	-82.287307                                                                                                                                     
SC	4504	3195341191	39761548	1233.728	15.352	34.92936	-82.185611                                                                                                                                         
SC	4505	13366176896	236833655	5160.71	91.442	34.56432	-80.993355                                                                                                                                        
SC	4506	17938315840	547883836	6926.023	211.539	33.246568	-80.594258                                                                                                                                     
SC	4507	14005586057	938795598	5407.587	362.471	34.045862	-79.497108                                                                                                                                     
SD	4600	196341525171	3387709166	75807.89	1308.002	44.446796	-100.238176                                                                                                                                 
TN	4701	11277510715	289290483	4354.271	111.696	36.20448	-82.827445                                                                                                                                      
TN	4702	6672067665	281710282	2576.1	108.769	36.101749	-83.887156                                                                                                                                        
TN	4703	10246809597	285660953	3956.315	110.294	35.604824	-84.583663                                                                                                                                     
TN	4704	16765631890	244455227	6473.247	94.385	35.406041	-86.146635                                                                                                                                      
TN	4705	5332901483	47351716	2059.045	18.283	35.734273	-86.900125                                                                                                                                        
TN	4706	15330300087	324878709	5919.062	125.436	36.221377	-85.573242                                                                                                                                     
TN	4707	15258452292	370649250	5891.322	143.108	36.008294	-87.554786                                                                                                                                     
TN	4708	23896260131	396241299	9226.398	152.99	35.728236	-88.916352                                                                                                                                      
TN	4709	2012377618	82010230	776.983	31.664	35.281989	-89.937517                                                                                                                                         
TX	4801	24513260170	1046977594	9464.623	404.24	32.489696	-94.564725                                                                                                                                     
TX	4802	1627733213	80803305	628.471	31.198	30.09513	-95.255565                                                                                                                                          
TX	4803	3718253375	156337681	1435.626	60.362	33.171788	-96.292085                                                                                                                                       
TX	4804	13506053492	562955911	5214.717	217.359	33.469423	-95.824657                                                                                                                                     
TX	4805	9316457856	486192140	3597.105	187.72	32.554632	-95.814922                                                                                                                                       
TX	4806	15173306875	417555566	5858.447	161.219	32.009681	-96.265954                                                                                                                                     
TX	4807	338548793	5418078	130.714	2.092	29.606141	-95.679511                                                                                                                                            
TX	4808	7376217149	395500624	2847.973	152.704	30.55993	-95.233738                                                                                                                                       
TX	4809	563425354	6394422	217.54	2.469	29.600663	-95.439594                                                                                                                                             
TX	4810	19859372868	341548800	7667.747	131.873	30.209212	-96.56405                                                                                                                                      
TX	4811	49742609073	359708529	19205.73	138.884	31.393839	-99.980585                                                                                                                                     
TX	4812	2498595878	78075241	964.713	30.145	32.821328	-97.664515                                                                                                                                         
TX	4813	90919655420	664759205	35104.277	256.665	34.928169	-100.708968                                                                                                                                   
TX	4814	6347494677	2641665974	2450.782	1019.953	29.406653	-94.745843                                                                                                                                    
TX	4815	16136713824	168043966	6230.42	64.882	27.964287	-98.103699                                                                                                                                       
TX	4816	817007780	2356398	315.448	0.91	31.812149	-106.405684                                                                                                                                            
TX	4817	27032084834	581282540	10437.147	224.434	31.256938	-96.031462                                                                                                                                    
TX	4818	597655027	3511683	230.756	1.356	29.985874	-95.345795                                                                                                                                            
TX	4819	78138881637	235509345	30169.592	90.931	33.188458	-101.443695                                                                                                                                    
TX	4820	464891989	1244115	179.496	0.48	29.455375	-98.618294                                                                                                                                             
TX	4821	16309930932	92213855	6297.3	35.604	30.015481	-98.914657                                                                                                                                         
TX	4822	8175290930	1424812304	3156.498	550.123	29.123836	-95.987666                                                                                                                                     
TX	4823	152261432812	447598838	58788.47	172.819	30.378409	-102.357026                                                                                                                                   
TX	4824	701224253	16318965	270.744	6.301	32.901352	-97.074791                                                                                                                                           
TX	4825	23296797946	364186595	8994.944	140.613	32.566706	-98.440815                                                                                                                                     
TX	4826	5091124361	237392605	1965.694	91.658	33.465202	-97.38246                                                                                                                                        
TX	4827	27008446710	3216029043	10428.02	1241.716	28.748411	-97.227146                                                                                                                                   
TX	4828	29415114978	291694900	11357.24	112.624	27.706979	-98.86163                                                                                                                                      
TX	4829	532578463	9525246	205.63	3.678	29.775598	-95.305027                                                                                                                                             
TX	4830	920096881	37765212	355.251	14.581	32.654752	-96.817165                                                                                                                                          
TX	4831	14537227125	259267011	5612.855	100.104	31.241296	-97.809824                                                                                                                                     
TX	4832	386222013	5373576	149.121	2.075	32.866191	-96.749702                                                                                                                                            
TX	4833	566408294	17957946	218.691	6.934	32.692908	-97.254607                                                                                                                                           
TX	4834	10675556090	3318251598	4121.855	1281.184	26.72814	-97.605924                                                                                                                                    
TX	4835	1348685093	17463615	520.73	6.743	30.007872	-97.8393                                                                                                                                             
TX	4836	15396270668	974034321	5944.534	376.077	30.36855	-94.377065                                                                                                                                      
TX	4837	578809780	9175198	223.48	3.543	30.300529	-97.774361                                                                                                                                             
TX	4838	796801979	7181641	307.647	2.773	29.944847	-95.615885                                                                                                                                            
UT	4901	26602595391	2810017594	10271.32	1084.954	41.480119	-112.537206                                                                                                                                  
UT	4902	101574833299	2129334259	39218.264	822.141	38.730499	-112.562716                                                                                                                                 
UT	4903	74372074634	634853446	28715.22	245.118	39.134877	-109.933399                                                                                                                                    
UT	4904	11372345839	388991392	4390.887	150.19	39.762905	-111.7718                                                                                                                                       
VT	5000	23872589127	1030648383	9217.259	397.936	44.058954	-72.671017                                                                                                                                    
VA	5101	7871284933	2184652099	3039.12	843.499	37.656264	-76.802492                                                                                                                                      
VA	5102	5570660257	4623559072	2150.844	1785.166	37.221318	-76.010686                                                                                                                                    
VA	5103	653643353	505688326	252.373	195.247	36.955347	-76.327215                                                                                                                                        
VA	5104	8876911048	263745545	3427.395	101.833	37.008084	-77.422785                                                                                                                                      
VA	5105	24511909299	377757046	9464.101	145.853	37.318398	-78.606257                                                                                                                                     
VA	5106	16225225497	107154594	6264.595	41.373	38.274886	-79.158835                                                                                                                                      
VA	5107	7056375792	149289899	2724.482	57.641	38.288097	-77.732213                                                                                                                                       
VA	5108	381276222	29253297	147.212	11.295	38.798299	-77.137196                                                                                                                                          
VA	5109	26082565045	238624632	10070.535	92.133	36.975373	-81.158627                                                                                                                                     
VA	5110	4378356388	39613777	1690.493	15.295	38.80494	-77.792647                                                                                                                                         
VA	5111	649955418	8749329	250.949	3.378	38.867784	-77.309695                                                                                                                                            
WA	5301	860121485	44768983	332.095	17.285	47.872859	-122.126886                                                                                                                                         
WA	5302	11406544611	3710442597	4404.092	1432.61	48.580139	-122.044331                                                                                                                                   
WA	5303	18931494288	1133252002	7309.491	437.551	46.326534	-122.607727                                                                                                                                   
WA	5304	46323194725	788651563	17885.486	304.5	47.249934	-120.032462                                                                                                                                     
WA	5305	48463588012	704410502	18711.897	271.974	47.43317	-118.014611                                                                                                                                    
WA	5306	18017538429	5136956306	6956.611	1983.39	47.638858	-123.55094                                                                                                                                    
WA	5307	355882963	299455775	137.407	115.621	47.553056	-122.391729                                                                                                                                       
WA	5308	25453735503	435666531	9827.743	168.212	47.541345	-121.143392                                                                                                                                    
WA	5309	473063706	80178462	182.651	30.957	47.435325	-122.253621                                                                                                                                         
WA	5310	1833615264	215140355	707.963	83.066	47.04939	-122.748488                                                                                                                                        
WV	5401	37140778136	284749762	14340.135	109.943	38.199694	-81.147445                                                                                                                                    
WV	5402	25125721576	204253319	9701.096	78.863	39.284706	-79.850219                                                                                                                                      
WI	5501	3972782525	3898556570	1533.9	1505.241	42.72927	-87.942548                                                                                                                                       
WI	5502	11139290390	174479108	4300.904	67.367	42.961408	-89.733956                                                                                                                                      
WI	5503	29077838313	821486178	11227.017	317.178	44.056297	-90.891748                                                                                                                                    
WI	5504	362528482	1056839430	139.973	408.048	43.072582	-87.865368                                                                                                                                       
WI	5505	5551636274	196125306	2143.499	75.724	43.171561	-88.512248                                                                                                                                       
WI	5506	13029193149	7397289847	5030.6	2856.11	43.786274	-88.290403                                                                                                                                      
WI	5507	59855985122	7699999595	23110.526	2972.987	45.698997	-90.655335                                                                                                                                  
WI	5508	17303373205	8098308331	6680.87	3126.774	44.842455	-87.932142                                                                                                                                    
WY	5600	251458162746	1868053273	97088.544	721.259	42.989659	-107.544392                                                                                                                                 
PR	7298	8869031577	4922247037	3424.352	1900.49	18.217648	-66.410799                                                                                                                                     
